MEME version 4

ALPHABET= ACGT

strands: + -

Background letter frequencies
A 0.25 C 0.25 G 0.25 T 0.25

MOTIF MA0606.1 NFAT5
letter-probability matrix: alength= 4 w= 10 nsites= 1001 E= 0
 0.370629  0.209790  0.209790  0.209790
 0.175824  0.087912  0.087912  0.648352
 0.000000  0.000000  0.000000  1.000000
 0.000000  0.000000  0.000000  1.000000
 0.089000  0.084000  0.000000  0.827000
 0.000000  0.915000  0.000000  0.085000
 0.000000  0.826000  0.085000  0.089000
 0.831000  0.084000  0.000000  0.085000
 0.124000  0.287000  0.041000  0.548000
 0.267732  0.162837  0.247752  0.321678
URL http://jaspar.genereg.net/matrix/MA0606.1

MOTIF MA0624.1 NFATC1
letter-probability matrix: alength= 4 w= 10 nsites= 1000 E= 0
 0.383000  0.134000  0.167000  0.316000
 0.226000  0.193000  0.189000  0.392000
 0.158000  0.060000  0.122000  0.660000
 0.019000  0.035000  0.007000  0.939000
 0.021000  0.029000  0.015000  0.935000
 0.014000  0.971000  0.008000  0.007000
 0.009009  0.967968  0.005005  0.018018
 0.515485  0.044955  0.356643  0.082917
 0.229770  0.261738  0.125874  0.382617
 0.230000  0.227000  0.194000  0.349000
URL http://jaspar.genereg.net/matrix/MA0624.1

MOTIF MA0152.1 NFATC2
letter-probability matrix: alength= 4 w= 7 nsites= 26 E= 0
 0.115385  0.038462  0.076923  0.769231
 0.038462  0.076923  0.076923  0.807692
 0.038462  0.038462  0.000000  0.923077
 0.000000  0.000000  0.000000  1.000000
 0.038462  0.961538  0.000000  0.000000
 0.000000  1.000000  0.000000  0.000000
 0.692308  0.115385  0.038462  0.153846
URL http://jaspar.genereg.net/matrix/MA0152.1

MOTIF MA0625.1 NFATC3
letter-probability matrix: alength= 4 w= 10 nsites= 1001 E= 0
 0.420579  0.092907  0.138861  0.347652
 0.179000  0.181000  0.168000  0.472000
 0.117000  0.040000  0.073000  0.770000
 0.014000  0.010000  0.005000  0.971000
 0.002997  0.022977  0.008991  0.965035
 0.036000  0.933000  0.001000  0.030000
 0.008000  0.959000  0.023000  0.010000
 0.552000  0.039000  0.342000  0.067000
 0.173000  0.251000  0.133000  0.443000
 0.215215  0.211211  0.173173  0.400400
URL http://jaspar.genereg.net/matrix/MA0625.1

MOTIF MA1525.1 NFATC4
letter-probability matrix: alength= 4 w= 10 nsites= 4350 E= 0
 0.379770  0.210575  0.221379  0.188276
 0.551204  0.041698  0.300253  0.106844
 0.021372  0.345107  0.000000  0.633521
 0.000000  0.000000  1.000000  0.000000
 0.000000  0.000000  1.000000  0.000000
 0.991112  0.008888  0.000000  0.000000
 1.000000  0.000000  0.000000  0.000000
 0.747379  0.186286  0.021825  0.044509
 0.406221  0.305997  0.167103  0.120680
 0.260170  0.145254  0.079982  0.514594
URL http://jaspar.genereg.net/matrix/MA1525.1

MOTIF MA0018.4 CREB1
letter-probability matrix: alength= 4 w= 13 nsites= 79544 E= 0
 0.268971  0.224140  0.195741  0.311149
 0.265111  0.189153  0.265312  0.280423
 0.359135  0.163834  0.349442  0.127590
 0.024024  0.012195  0.013942  0.949839
 0.021724  0.028890  0.912137  0.037250
 0.924080  0.021975  0.025294  0.028651
 0.027482  0.177814  0.079692  0.715013
 0.017814  0.023823  0.935344  0.023019
 0.111749  0.015476  0.015174  0.857601
 0.044416  0.904933  0.027369  0.023283
 0.953171  0.012798  0.015363  0.018669
 0.129325  0.271322  0.186086  0.413268
 0.282711  0.275018  0.170346  0.271925
URL http://jaspar.genereg.net/matrix/MA0018.4

MOTIF MA0638.1 CREB3
letter-probability matrix: alength= 4 w= 14 nsites= 314 E= 0
 0.251592  0.248408  0.340764  0.159236
 0.068230  0.166311  0.159915  0.605544
 0.037106  0.000000  0.723562  0.239332
 0.286604  0.644860  0.006231  0.062305
 0.025830  0.889299  0.059041  0.025830
 0.996732  0.000000  0.000000  0.003268
 0.000000  1.000000  0.000000  0.000000
 0.006637  0.000000  0.988938  0.004425
 0.002646  0.002646  0.000000  0.994709
 0.037453  0.917603  0.029963  0.014981
 0.937500  0.006250  0.037500  0.018750
 0.022508  0.369775  0.090032  0.517685
 0.176152  0.569106  0.094851  0.159892
 0.383871  0.161290  0.316129  0.138710
URL http://jaspar.genereg.net/matrix/MA0638.1

MOTIF MA0839.1 CREB3L1
letter-probability matrix: alength= 4 w= 14 nsites= 671 E= 0
 0.368107  0.213115  0.269747  0.149031
 0.042363  0.177258  0.032330  0.748049
 0.028090  0.004213  0.942416  0.025281
 0.083106  0.914169  0.000000  0.002725
 0.004418  0.988218  0.000000  0.007364
 0.995549  0.000000  0.004451  0.000000
 0.000000  0.995549  0.004451  0.000000
 0.030216  0.004317  0.965468  0.000000
 0.010279  0.000000  0.004405  0.985316
 0.143705  0.796912  0.047506  0.011876
 0.823313  0.040491  0.088344  0.047853
 0.089419  0.277198  0.186289  0.447094
 0.085393  0.753933  0.071910  0.088764
 0.651456  0.063107  0.162136  0.123301
URL http://jaspar.genereg.net/matrix/MA0839.1

MOTIF MA0608.1 Creb3l2
letter-probability matrix: alength= 4 w= 9 nsites= 999 E= 0
 0.002002  0.002002  0.745746  0.250250
 0.250000  0.623000  0.001000  0.126000
 0.001000  0.872000  0.126000  0.001000
 0.996997  0.001001  0.001001  0.001001
 0.001001  0.996997  0.001001  0.001001
 0.001001  0.001001  0.996997  0.001001
 0.001001  0.001001  0.001001  0.996997
 0.001001  0.143143  0.854855  0.001001
 0.250000  0.002000  0.250000  0.498000
URL http://jaspar.genereg.net/matrix/MA0608.1

MOTIF MA1474.1 CREB3L4
letter-probability matrix: alength= 4 w= 12 nsites= 5727 E= 0
 0.152960  0.314650  0.167452  0.364938
 0.130005  0.038782  0.610928  0.220286
 0.206273  0.717897  0.030443  0.045387
 0.057984  0.867752  0.024978  0.049286
 0.936012  0.012028  0.050036  0.001924
 0.003207  0.959793  0.004933  0.032067
 0.071797  0.015251  0.912952  0.000000
 0.012303  0.069870  0.014624  0.903203
 0.093284  0.725933  0.128731  0.052052
 0.713945  0.094495  0.141101  0.050459
 0.057900  0.526809  0.148624  0.266667
 0.170694  0.447301  0.202571  0.179434
URL http://jaspar.genereg.net/matrix/MA1474.1

MOTIF MA1475.1 CREB3L4(var.2)
letter-probability matrix: alength= 4 w= 12 nsites= 1293 E= 0
 0.177108  0.173241  0.440835  0.208817
 0.316981  0.138994  0.496855  0.047170
 0.000000  0.093306  0.032454  0.874239
 0.018909  0.143166  0.698541  0.139384
 0.896671  0.018724  0.057559  0.027046
 0.000000  0.963487  0.004471  0.032042
 0.058824  0.002179  0.938998  0.000000
 0.011073  0.069204  0.024913  0.894810
 0.100285  0.736752  0.129345  0.033618
 0.850099  0.023011  0.100592  0.026298
 0.068558  0.442080  0.166667  0.322695
 0.180974  0.450116  0.204950  0.163960
URL http://jaspar.genereg.net/matrix/MA1475.1

MOTIF MA0840.1 Creb5
letter-probability matrix: alength= 4 w= 12 nsites= 3703 E= 0
 0.324602  0.199838  0.287875  0.187686
 0.876272  0.053702  0.060563  0.009463
 0.001610  0.004294  0.000000  0.994096
 0.002801  0.001293  0.798104  0.197802
 0.997039  0.000000  0.000269  0.002692
 0.000000  0.984844  0.000000  0.015156
 0.039170  0.000000  0.960830  0.000000
 0.004828  0.001609  0.000000  0.993562
 0.198270  0.800865  0.000000  0.000865
 0.999460  0.000000  0.000000  0.000540
 0.006569  0.488965  0.020231  0.484235
 0.199784  0.395788  0.100432  0.303996
URL http://jaspar.genereg.net/matrix/MA0840.1

MOTIF MA1109.1 NEUROD1
letter-probability matrix: alength= 4 w= 13 nsites= 2282 E= 0
 0.245837  0.187993  0.318142  0.248028
 0.330850  0.141543  0.397020  0.130587
 0.564855  0.198072  0.216477  0.020596
 0.007450  0.981595  0.005697  0.005259
 0.982033  0.003067  0.007011  0.007888
 0.007011  0.010517  0.943032  0.039439
 0.891323  0.065732  0.033742  0.009202
 0.024102  0.022349  0.008326  0.945223
 0.005697  0.003067  0.977651  0.013585
 0.025855  0.040754  0.859772  0.073620
 0.163453  0.399211  0.183173  0.254163
 0.303243  0.236635  0.262489  0.197634
 0.235758  0.258983  0.275197  0.230061
URL http://jaspar.genereg.net/matrix/MA1109.1

MOTIF MA0668.1 NEUROD2
letter-probability matrix: alength= 4 w= 10 nsites= 1587 E= 0
 0.380592  0.074984  0.484562  0.059861
 0.320950  0.532887  0.146163  0.000000
 0.000000  0.943520  0.056480  0.000000
 0.815100  0.000000  0.158192  0.026708
 0.000000  0.089501  0.000000  0.910499
 0.907376  0.068611  0.021727  0.002287
 0.000000  0.171279  0.000000  0.828721
 0.000000  0.000000  0.934079  0.065921
 0.000000  0.229397  0.433579  0.337023
 0.131695  0.373031  0.063642  0.431632
URL http://jaspar.genereg.net/matrix/MA0668.1
MOTIF MA0052.4 MEF2A
letter-probability matrix: alength= 4 w= 15 nsites= 16162 E= 0
 0.314008  0.131110  0.225900  0.328982
 0.249536  0.121272  0.277998  0.351194
 0.122757  0.675597  0.062307  0.139339
 0.038795  0.184012  0.014602  0.762591
 0.769521  0.062678  0.065957  0.101844
 0.812523  0.015654  0.037743  0.134080
 0.908303  0.008724  0.031308  0.051664
 0.894258  0.014293  0.014912  0.076538
 0.925381  0.010704  0.012498  0.051417
 0.027286  0.021594  0.013303  0.937817
 0.964113  0.003094  0.026111  0.006682
 0.158767  0.065586  0.687044  0.088603
 0.476983  0.249907  0.099307  0.173803
 0.381822  0.217980  0.111991  0.288207
 0.325084  0.235862  0.153384  0.285670
URL http://jaspar.genereg.net/matrix/MA0052.4

MOTIF MA0660.1 MEF2B
letter-probability matrix: alength= 4 w= 12 nsites= 3728 E= 0
 0.371513  0.019313  0.473712  0.135461
 0.005660  0.990566  0.000000  0.003774
 0.000000  0.007874  0.000000  0.992126
 0.995261  0.000000  0.000000  0.004739
 0.474302  0.000635  0.000000  0.525063
 0.813533  0.000000  0.003099  0.183368
 0.955124  0.000910  0.000606  0.043360
 0.985915  0.000000  0.000000  0.014085
 0.000000  0.000000  0.000000  1.000000
 0.997467  0.000950  0.000633  0.000950
 0.029969  0.005810  0.963303  0.000917
 0.269702  0.569223  0.026358  0.134718
URL http://jaspar.genereg.net/matrix/MA0660.1

MOTIF MA0497.1 MEF2C
letter-probability matrix: alength= 4 w= 15 nsites= 2209 E= 0
 0.319149  0.145315  0.306021  0.229516
 0.331824  0.068357  0.259393  0.340426
 0.195111  0.088728  0.372114  0.344047
 0.172929  0.639203  0.035310  0.152558
 0.000000  0.445903  0.000000  0.554097
 0.731553  0.115890  0.033499  0.119058
 0.772295  0.014486  0.109099  0.104120
 0.953825  0.000000  0.039384  0.006790
 0.964690  0.000000  0.000905  0.034405
 0.966501  0.000000  0.001811  0.031689
 0.025351  0.028067  0.000000  0.946582
 0.985514  0.000000  0.014486  0.000000
 0.176098  0.054323  0.756451  0.013128
 0.441376  0.378452  0.066999  0.113173
 0.456768  0.203712  0.057039  0.282481
URL http://jaspar.genereg.net/matrix/MA0497.1

MOTIF MA0773.1 MEF2D
letter-probability matrix: alength= 4 w= 12 nsites= 5804 E= 0
 0.365265  0.018780  0.333046  0.282908
 0.004759  0.986234  0.000000  0.009007
 0.000515  0.003775  0.000000  0.995710
 0.997250  0.001375  0.000344  0.001031
 0.479242  0.000000  0.000345  0.520413
 0.881245  0.000607  0.000000  0.118147
 0.963633  0.000000  0.000332  0.036035
 0.987745  0.000340  0.000170  0.011745
 0.000000  0.000000  0.000000  1.000000
 0.999311  0.000000  0.000689  0.000000
 0.054997  0.002758  0.941434  0.000811
 0.496362  0.402229  0.010838  0.090571
URL http://jaspar.genereg.net/matrix/MA0773.1
