MEME version 4

ALPHABET= ACGT

strands: + -

Background letter frequencies
A 0.25 C 0.25 G 0.25 T 0.25

MOTIF MA0476.1 FOS
letter-probability matrix: alength= 4 w= 11 nsites= 29396 E= 0
 0.268030  0.024221  0.329501  0.378249
 0.254286  0.346204  0.368792  0.030718
 0.000000  0.000000  0.000000  1.000000
 0.000000  0.000000  0.922166  0.077834
 1.000000  0.000000  0.000000  0.000000
 0.033950  0.478943  0.381208  0.105899
 0.000000  0.000000  0.000000  1.000000
 0.000000  1.000000  0.000000  0.000000
 1.000000  0.000000  0.000000  0.000000
 0.008777  0.198088  0.052320  0.740815
 0.136277  0.280174  0.268642  0.314907
URL http://jaspar.genereg.net/matrix/MA0476.1

MOTIF MA0099.3 FOS::JUN
letter-probability matrix: alength= 4 w= 10 nsites= 1000 E= 0
 0.592000  0.111000  0.257000  0.040000
 0.003000  0.005000  0.002000  0.990000
 0.007000  0.001000  0.824000  0.168000
 0.820000  0.131000  0.004000  0.045000
 0.078000  0.180000  0.688000  0.054000
 0.005000  0.002000  0.002000  0.991000
 0.030000  0.963000  0.003000  0.004000
 0.992000  0.002000  0.002000  0.004000
 0.024000  0.313000  0.095000  0.568000
 0.277000  0.397000  0.164000  0.162000
URL http://jaspar.genereg.net/matrix/MA0099.3

MOTIF MA1126.1 FOS::JUN(var.2)
letter-probability matrix: alength= 4 w= 16 nsites= 1000 E= 0
 0.266000  0.063000  0.419000  0.252000
 0.556000  0.045000  0.369000  0.030000
 0.047047  0.074074  0.062062  0.816817
 0.042000  0.112000  0.655000  0.191000
 0.748000  0.031000  0.135000  0.086000
 0.080000  0.838000  0.041000  0.041000
 0.130869  0.113886  0.721279  0.033966
 0.040000  0.023000  0.032000  0.905000
 0.053000  0.846000  0.044000  0.057000
 0.907000  0.024000  0.036000  0.033000
 0.030000  0.234000  0.060000  0.676000
 0.298701  0.321678  0.159840  0.219780
 0.322000  0.313000  0.161000  0.204000
 0.190000  0.178000  0.261000  0.371000
 0.161000  0.075000  0.238000  0.526000
 0.203203  0.291291  0.207207  0.298298
URL http://jaspar.genereg.net/matrix/MA1126.1

MOTIF MA1134.1 FOS::JUNB
letter-probability matrix: alength= 4 w= 12 nsites= 1000 E= 0
 0.174000  0.168000  0.372000  0.286000
 0.592408  0.104895  0.266733  0.035964
 0.000999  0.000999  0.000999  0.997003
 0.000999  0.000999  0.867133  0.130869
 0.965000  0.030000  0.001000  0.004000
 0.048000  0.309000  0.618000  0.025000
 0.000999  0.000999  0.002997  0.995005
 0.027000  0.971000  0.001000  0.001000
 0.997003  0.000999  0.000999  0.000999
 0.007000  0.284000  0.051000  0.658000
 0.275000  0.363000  0.178000  0.184000
 0.283283  0.304304  0.256256  0.156156
URL http://jaspar.genereg.net/matrix/MA1134.1

MOTIF MA1141.1 FOS::JUND
letter-probability matrix: alength= 4 w= 13 nsites= 1000 E= 0
 0.183000  0.244000  0.315000  0.258000
 0.181818  0.166833  0.388611  0.262737
 0.592408  0.103896  0.265734  0.037962
 0.000000  0.001000  0.000000  0.999000
 0.000000  0.000000  0.871000  0.129000
 0.894000  0.091000  0.000000  0.015000
 0.074925  0.039960  0.866134  0.018981
 0.000000  0.000000  0.000000  1.000000
 0.029029  0.970971  0.000000  0.000000
 1.000000  0.000000  0.000000  0.000000
 0.021000  0.290000  0.077000  0.612000
 0.250000  0.370000  0.195000  0.185000
 0.264000  0.264000  0.292000  0.180000
URL http://jaspar.genereg.net/matrix/MA1141.1

MOTIF MA1127.1 FOSB::JUN
letter-probability matrix: alength= 4 w= 11 nsites= 1000 E= 0
 0.193000  0.070000  0.575000  0.162000
 0.649000  0.087000  0.216000  0.048000
 0.012012  0.010010  0.012012  0.965966
 0.017017  0.010010  0.872873  0.100100
 0.954955  0.008008  0.017017  0.020020
 0.047952  0.885115  0.024975  0.041958
 0.075000  0.014000  0.897000  0.014000
 0.025000  0.057000  0.014000  0.904000
 0.247000  0.697000  0.020000  0.036000
 0.949000  0.016000  0.014000  0.021000
 0.092092  0.261261  0.053053  0.593594
URL http://jaspar.genereg.net/matrix/MA1127.1

MOTIF MA1135.1 FOSB::JUNB
letter-probability matrix: alength= 4 w= 10 nsites= 1000 E= 0
 0.119000  0.182000  0.429000  0.270000
 0.598000  0.061000  0.321000  0.020000
 0.001000  0.000000  0.001000  0.998000
 0.001000  0.000000  0.980000  0.019000
 0.997000  0.001000  0.001000  0.001000
 0.034000  0.596000  0.309000  0.061000
 0.002000  0.001000  0.039000  0.958000
 0.190809  0.807193  0.000999  0.000999
 0.998000  0.000000  0.001000  0.001000
 0.037000  0.259000  0.126000  0.578000
URL http://jaspar.genereg.net/matrix/MA1135.1

MOTIF MA1136.1 FOSB::JUNB(var.2)
letter-probability matrix: alength= 4 w= 10 nsites= 1000 E= 0
 0.561000  0.059000  0.368000  0.012000
 0.030030  0.036036  0.016016  0.917918
 0.012987  0.045954  0.699301  0.241758
 0.868132  0.043956  0.059940  0.027972
 0.030000  0.842000  0.027000  0.101000
 0.052000  0.035000  0.893000  0.020000
 0.056000  0.080000  0.028000  0.836000
 0.173000  0.776000  0.036000  0.015000
 0.923000  0.016000  0.030000  0.031000
 0.011000  0.260000  0.065000  0.664000
URL http://jaspar.genereg.net/matrix/MA1136.1

MOTIF MA0478.1 FOSL2
letter-probability matrix: alength= 4 w= 11 nsites= 5318 E= 0
 0.156638  0.186912  0.392253  0.264197
 0.286762  0.111320  0.509026  0.092892
 0.537984  0.010342  0.437759  0.013915
 0.000000  0.000000  0.000000  1.000000
 0.000000  0.000000  1.000000  0.000000
 0.954306  0.009590  0.036104  0.000000
 0.000000  0.617901  0.345619  0.036480
 0.000000  0.000000  0.000000  1.000000
 0.038548  0.961452  0.000000  0.000000
 1.000000  0.000000  0.000000  0.000000
 0.000000  0.263069  0.363483  0.373449
URL http://jaspar.genereg.net/matrix/MA0478.1

MOTIF MA1130.1 FOSL2::JUN
letter-probability matrix: alength= 4 w= 12 nsites= 1000 E= 0
 0.189000  0.248000  0.295000  0.268000
 0.214000  0.179000  0.338000  0.269000
 0.542000  0.121000  0.282000  0.055000
 0.000999  0.000999  0.000999  0.997003
 0.001000  0.001000  0.840000  0.158000
 0.847000  0.123000  0.001000  0.029000
 0.103000  0.141000  0.698000  0.058000
 0.000999  0.000999  0.000999  0.997003
 0.019980  0.978022  0.000999  0.000999
 0.998000  0.000000  0.001000  0.001000
 0.019000  0.299000  0.093000  0.589000
 0.269269  0.341341  0.180180  0.209209
URL http://jaspar.genereg.net/matrix/MA1130.1

MOTIF MA1131.1 FOSL2::JUN(var.2)
letter-probability matrix: alength= 4 w= 11 nsites= 999 E= 0
 0.222222  0.094094  0.459459  0.224224
 0.632368  0.029970  0.322677  0.014985
 0.006000  0.008000  0.008000  0.978000
 0.007000  0.014000  0.917000  0.062000
 0.962038  0.005994  0.008991  0.022977
 0.011000  0.906000  0.022000  0.061000
 0.092092  0.045045  0.845846  0.017017
 0.013986  0.069930  0.008991  0.907093
 0.351000  0.625000  0.016000  0.008000
 0.961962  0.010010  0.013013  0.015015
 0.038000  0.218000  0.166000  0.578000
URL http://jaspar.genereg.net/matrix/MA1131.1

MOTIF MA1138.1 FOSL2::JUNB
letter-probability matrix: alength= 4 w= 10 nsites= 999 E= 0
 0.151151  0.164164  0.407407  0.277277
 0.620380  0.052947  0.313686  0.012987
 0.000000  0.000000  0.000000  1.000000
 0.000000  0.000000  0.985986  0.014014
 1.000000  0.000000  0.000000  0.000000
 0.054054  0.568569  0.292292  0.085085
 0.001000  0.000000  0.026000  0.973000
 0.168168  0.831832  0.000000  0.000000
 1.000000  0.000000  0.000000  0.000000
 0.035000  0.251000  0.112000  0.602000
URL http://jaspar.genereg.net/matrix/MA1138.1

MOTIF MA1139.1 FOSL2::JUNB(var.2)
letter-probability matrix: alength= 4 w= 12 nsites= 999 E= 0
 0.227227  0.150150  0.359359  0.263263
 0.638000  0.065000  0.268000  0.029000
 0.008000  0.017000  0.006000  0.969000
 0.012000  0.021000  0.780000  0.187000
 0.972000  0.005000  0.013000  0.010000
 0.010000  0.899000  0.017000  0.074000
 0.074000  0.016000  0.900000  0.010000
 0.010000  0.012000  0.006000  0.972000
 0.186000  0.778000  0.023000  0.013000
 0.968000  0.005000  0.019000  0.008000
 0.028000  0.266000  0.067000  0.639000
 0.263000  0.358000  0.151000  0.228000
URL http://jaspar.genereg.net/matrix/MA1139.1

MOTIF MA1144.1 FOSL2::JUND
letter-probability matrix: alength= 4 w= 10 nsites= 1001 E= 0
 0.136863  0.142857  0.445554  0.274725
 0.634635  0.060060  0.291291  0.014014
 0.000000  0.000000  0.000000  1.000000
 0.000000  0.000000  0.990000  0.010000
 0.998999  0.001001  0.000000  0.000000
 0.046000  0.604000  0.292000  0.058000
 0.006000  0.000000  0.060000  0.934000
 0.140000  0.860000  0.000000  0.000000
 1.000000  0.000000  0.000000  0.000000
 0.038000  0.266000  0.113000  0.583000
URL http://jaspar.genereg.net/matrix/MA1144.1

MOTIF MA1145.1 FOSL2::JUND(var.2)
letter-probability matrix: alength= 4 w= 15 nsites= 1000 E= 0
 0.198000  0.177000  0.286000  0.339000
 0.219000  0.189000  0.340000  0.252000
 0.558442  0.044955  0.339660  0.056943
 0.026000  0.027000  0.010000  0.937000
 0.007007  0.046046  0.678679  0.268268
 0.943000  0.006000  0.031000  0.020000
 0.012012  0.911912  0.035035  0.041041
 0.134865  0.014985  0.822178  0.027972
 0.028000  0.012000  0.010000  0.950000
 0.032967  0.941059  0.014985  0.010989
 0.972000  0.006000  0.011000  0.011000
 0.023000  0.345000  0.055000  0.577000
 0.217000  0.434000  0.104000  0.245000
 0.162000  0.222000  0.416000  0.200000
 0.248000  0.288000  0.241000  0.223000
URL http://jaspar.genereg.net/matrix/MA1145.1

MOTIF MA0626.1 Npas2
letter-probability matrix: alength= 4 w= 10 nsites= 1000 E= 0
 0.273000  0.177000  0.293000  0.257000
 0.154154  0.377377  0.420420  0.048048
 0.000000  1.000000  0.000000  0.000000
 1.000000  0.000000  0.000000  0.000000
 0.081081  0.918919  0.000000  0.000000
 0.081081  0.000000  0.918919  0.000000
 0.000000  0.000000  0.000000  1.000000
 0.081081  0.000000  0.918919  0.000000
 0.074000  0.172000  0.188000  0.566000
 0.297000  0.299000  0.202000  0.202000
URL http://jaspar.genereg.net/matrix/MA0626.1

MOTIF MA1112.2 NR4A1
letter-probability matrix: alength= 4 w= 12 nsites= 15927 E= 0
 0.218748  0.206128  0.261129  0.313995
 0.280216  0.223708  0.212218  0.283858
 0.898663  0.014818  0.051673  0.034846
 0.958624  0.007346  0.020908  0.013122
 0.984743  0.003893  0.008037  0.003328
 0.026810  0.005776  0.780687  0.186727
 0.018836  0.010423  0.939537  0.031205
 0.022917  0.051736  0.085264  0.840083
 0.004395  0.938595  0.009481  0.047529
 0.949708  0.009481  0.020657  0.020154
 0.279776  0.250330  0.255855  0.214039
 0.328938  0.211590  0.244051  0.215420
URL http://jaspar.genereg.net/matrix/MA1112.2

MOTIF MA0160.1 NR4A2
letter-probability matrix: alength= 4 w= 8 nsites= 13 E= 0
 0.615385  0.076923  0.230769  0.076923
 0.928571  0.000000  0.071429  0.000000
 0.000000  0.000000  0.928571  0.071429
 0.214286  0.000000  0.785714  0.000000
 0.142857  0.142857  0.000000  0.714286
 0.000000  0.928571  0.000000  0.071429
 1.000000  0.000000  0.000000  0.000000
 0.230769  0.615385  0.153846  0.000000
URL http://jaspar.genereg.net/matrix/MA0160.1

MOTIF MA0480.1 Foxo1
letter-probability matrix: alength= 4 w= 11 nsites= 2490 E= 0
 0.187952  0.111245  0.191968  0.508835
 0.051004  0.513655  0.302008  0.133333
 0.034940  0.564659  0.083936  0.316466
 0.000000  0.000000  0.000000  1.000000
 0.000000  0.000000  1.000000  0.000000
 0.000000  0.000000  0.000000  1.000000
 0.000000  0.000000  0.000000  1.000000
 0.000000  0.000000  0.115261  0.884739
 0.751406  0.063052  0.000000  0.185542
 0.000000  0.806024  0.000000  0.193976
 0.430522  0.230120  0.028514  0.310843
URL http://jaspar.genereg.net/matrix/MA0480.1

MOTIF MA0018.4 CREB1
letter-probability matrix: alength= 4 w= 13 nsites= 79544 E= 0
 0.268971  0.224140  0.195741  0.311149
 0.265111  0.189153  0.265312  0.280423
 0.359135  0.163834  0.349442  0.127590
 0.024024  0.012195  0.013942  0.949839
 0.021724  0.028890  0.912137  0.037250
 0.924080  0.021975  0.025294  0.028651
 0.027482  0.177814  0.079692  0.715013
 0.017814  0.023823  0.935344  0.023019
 0.111749  0.015476  0.015174  0.857601
 0.044416  0.904933  0.027369  0.023283
 0.953171  0.012798  0.015363  0.018669
 0.129325  0.271322  0.186086  0.413268
 0.282711  0.275018  0.170346  0.271925
URL http://jaspar.genereg.net/matrix/MA0018.4

MOTIF MA0638.1 CREB3
letter-probability matrix: alength= 4 w= 14 nsites= 314 E= 0
 0.251592  0.248408  0.340764  0.159236
 0.068230  0.166311  0.159915  0.605544
 0.037106  0.000000  0.723562  0.239332
 0.286604  0.644860  0.006231  0.062305
 0.025830  0.889299  0.059041  0.025830
 0.996732  0.000000  0.000000  0.003268
 0.000000  1.000000  0.000000  0.000000
 0.006637  0.000000  0.988938  0.004425
 0.002646  0.002646  0.000000  0.994709
 0.037453  0.917603  0.029963  0.014981
 0.937500  0.006250  0.037500  0.018750
 0.022508  0.369775  0.090032  0.517685
 0.176152  0.569106  0.094851  0.159892
 0.383871  0.161290  0.316129  0.138710
URL http://jaspar.genereg.net/matrix/MA0638.1

MOTIF MA0839.1 CREB3L1
letter-probability matrix: alength= 4 w= 14 nsites= 671 E= 0
 0.368107  0.213115  0.269747  0.149031
 0.042363  0.177258  0.032330  0.748049
 0.028090  0.004213  0.942416  0.025281
 0.083106  0.914169  0.000000  0.002725
 0.004418  0.988218  0.000000  0.007364
 0.995549  0.000000  0.004451  0.000000
 0.000000  0.995549  0.004451  0.000000
 0.030216  0.004317  0.965468  0.000000
 0.010279  0.000000  0.004405  0.985316
 0.143705  0.796912  0.047506  0.011876
 0.823313  0.040491  0.088344  0.047853
 0.089419  0.277198  0.186289  0.447094
 0.085393  0.753933  0.071910  0.088764
 0.651456  0.063107  0.162136  0.123301
URL http://jaspar.genereg.net/matrix/MA0839.1

MOTIF MA0608.1 Creb3l2
letter-probability matrix: alength= 4 w= 9 nsites= 999 E= 0
 0.002002  0.002002  0.745746  0.250250
 0.250000  0.623000  0.001000  0.126000
 0.001000  0.872000  0.126000  0.001000
 0.996997  0.001001  0.001001  0.001001
 0.001001  0.996997  0.001001  0.001001
 0.001001  0.001001  0.996997  0.001001
 0.001001  0.001001  0.001001  0.996997
 0.001001  0.143143  0.854855  0.001001
 0.250000  0.002000  0.250000  0.498000
URL http://jaspar.genereg.net/matrix/MA0608.1

MOTIF MA1474.1 CREB3L4
letter-probability matrix: alength= 4 w= 12 nsites= 5727 E= 0
 0.152960  0.314650  0.167452  0.364938
 0.130005  0.038782  0.610928  0.220286
 0.206273  0.717897  0.030443  0.045387
 0.057984  0.867752  0.024978  0.049286
 0.936012  0.012028  0.050036  0.001924
 0.003207  0.959793  0.004933  0.032067
 0.071797  0.015251  0.912952  0.000000
 0.012303  0.069870  0.014624  0.903203
 0.093284  0.725933  0.128731  0.052052
 0.713945  0.094495  0.141101  0.050459
 0.057900  0.526809  0.148624  0.266667
 0.170694  0.447301  0.202571  0.179434
URL http://jaspar.genereg.net/matrix/MA1474.1

MOTIF MA1475.1 CREB3L4(var.2)
letter-probability matrix: alength= 4 w= 12 nsites= 1293 E= 0
 0.177108  0.173241  0.440835  0.208817
 0.316981  0.138994  0.496855  0.047170
 0.000000  0.093306  0.032454  0.874239
 0.018909  0.143166  0.698541  0.139384
 0.896671  0.018724  0.057559  0.027046
 0.000000  0.963487  0.004471  0.032042
 0.058824  0.002179  0.938998  0.000000
 0.011073  0.069204  0.024913  0.894810
 0.100285  0.736752  0.129345  0.033618
 0.850099  0.023011  0.100592  0.026298
 0.068558  0.442080  0.166667  0.322695
 0.180974  0.450116  0.204950  0.163960
URL http://jaspar.genereg.net/matrix/MA1475.1

MOTIF MA0840.1 Creb5
letter-probability matrix: alength= 4 w= 12 nsites= 3703 E= 0
 0.324602  0.199838  0.287875  0.187686
 0.876272  0.053702  0.060563  0.009463
 0.001610  0.004294  0.000000  0.994096
 0.002801  0.001293  0.798104  0.197802
 0.997039  0.000000  0.000269  0.002692
 0.000000  0.984844  0.000000  0.015156
 0.039170  0.000000  0.960830  0.000000
 0.004828  0.001609  0.000000  0.993562
 0.198270  0.800865  0.000000  0.000865
 0.999460  0.000000  0.000000  0.000540
 0.006569  0.488965  0.020231  0.484235
 0.199784  0.395788  0.100432  0.303996
URL http://jaspar.genereg.net/matrix/MA0840.1