MEME version 4

ALPHABET= ACGT

strands: + -

Background letter frequencies
A 0.25 C 0.25 G 0.25 T 0.25

MOTIF MA0606.1 NFAT5
letter-probability matrix: alength= 4 w= 10 nsites= 1001 E= 0
 0.370629  0.209790  0.209790  0.209790
 0.175824  0.087912  0.087912  0.648352
 0.000000  0.000000  0.000000  1.000000
 0.000000  0.000000  0.000000  1.000000
 0.089000  0.084000  0.000000  0.827000
 0.000000  0.915000  0.000000  0.085000
 0.000000  0.826000  0.085000  0.089000
 0.831000  0.084000  0.000000  0.085000
 0.124000  0.287000  0.041000  0.548000
 0.267732  0.162837  0.247752  0.321678
URL http://jaspar.genereg.net/matrix/MA0606.1

MOTIF MA0624.1 NFATC1
letter-probability matrix: alength= 4 w= 10 nsites= 1000 E= 0
 0.383000  0.134000  0.167000  0.316000
 0.226000  0.193000  0.189000  0.392000
 0.158000  0.060000  0.122000  0.660000
 0.019000  0.035000  0.007000  0.939000
 0.021000  0.029000  0.015000  0.935000
 0.014000  0.971000  0.008000  0.007000
 0.009009  0.967968  0.005005  0.018018
 0.515485  0.044955  0.356643  0.082917
 0.229770  0.261738  0.125874  0.382617
 0.230000  0.227000  0.194000  0.349000
URL http://jaspar.genereg.net/matrix/MA0624.1

MOTIF MA0152.1 NFATC2
letter-probability matrix: alength= 4 w= 7 nsites= 26 E= 0
 0.115385  0.038462  0.076923  0.769231
 0.038462  0.076923  0.076923  0.807692
 0.038462  0.038462  0.000000  0.923077
 0.000000  0.000000  0.000000  1.000000
 0.038462  0.961538  0.000000  0.000000
 0.000000  1.000000  0.000000  0.000000
 0.692308  0.115385  0.038462  0.153846
URL http://jaspar.genereg.net/matrix/MA0152.1

MOTIF MA0625.1 NFATC3
letter-probability matrix: alength= 4 w= 10 nsites= 1001 E= 0
 0.420579  0.092907  0.138861  0.347652
 0.179000  0.181000  0.168000  0.472000
 0.117000  0.040000  0.073000  0.770000
 0.014000  0.010000  0.005000  0.971000
 0.002997  0.022977  0.008991  0.965035
 0.036000  0.933000  0.001000  0.030000
 0.008000  0.959000  0.023000  0.010000
 0.552000  0.039000  0.342000  0.067000
 0.173000  0.251000  0.133000  0.443000
 0.215215  0.211211  0.173173  0.400400
URL http://jaspar.genereg.net/matrix/MA0625.1

MOTIF MA1525.1 NFATC4
letter-probability matrix: alength= 4 w= 10 nsites= 4350 E= 0
 0.379770  0.210575  0.221379  0.188276
 0.551204  0.041698  0.300253  0.106844
 0.021372  0.345107  0.000000  0.633521
 0.000000  0.000000  1.000000  0.000000
 0.000000  0.000000  1.000000  0.000000
 0.991112  0.008888  0.000000  0.000000
 1.000000  0.000000  0.000000  0.000000
 0.747379  0.186286  0.021825  0.044509
 0.406221  0.305997  0.167103  0.120680
 0.260170  0.145254  0.079982  0.514594
URL http://jaspar.genereg.net/matrix/MA1525.1
